24.426 140.832 230.172 34.361 6.709 2017-04-14 16:42:10.212344
23.686 148.373 220.394 34.439 6.707 2017-04-14 16:53:12.252061
24.299 142.094 210.210 34.374 6.708 2017-04-14 17:04:14.239845
24.055 144.569 190.284 34.400 6.708 2017-04-14 17:15:16.026801
23.643 148.799 180.407 34.444 6.707 2017-04-14 17:26:17.687086
24.698 138.158 170.091 34.332 6.709 2017-04-14 17:37:19.268565
24.484 140.221 150.155 34.355 6.709 2017-04-14 17:48:20.951767
23.392 151.448 140.482 34.470 6.707 2017-04-14 17:55:22.611073
23.591 149.300 120.423 34.449 6.707 2017-04-14 18:06:24.275482
23.300 152.813 110.828 30.706 6.784 2017-04-14 18:21:43.903135
23.812 139.930 220.360 30.894 6.780 2017-04-15 01:15:02.817622
23.658 141.431 220.365 30.896 6.780 2017-04-15 01:15:17.053190
23.450 143.701 220.356 30.892 6.780 2017-04-15 01:15:33.672769
23.673 141.463 220.352 30.891 6.780 2017-04-15 01:18:10.743897
23.354 144.727 220.354 30.892 6.780 2017-04-15 01:19:21.223872
24.125 136.922 220.353 30.891 6.780 2017-04-15 01:19:46.406532
22.873 150.072 220.340 30.887 6.780 2017-04-15 01:20:08.798321
22.790 150.785 220.354 30.892 6.780 2017-04-15 01:20:53.166459
23.556 142.605 220.356 30.892 6.780 2017-04-15 01:24:14.035414
23.209 146.153 220.361 30.894 6.780 2017-04-15 01:24:32.960385
25.432 124.722 220.354 30.892 6.780 2017-04-15 01:24:55.754069
25.093 127.837 220.349 30.890 6.780 2017-04-15 01:25:24.538535
24.939 129.421 220.335 30.885 6.780 2017-04-15 01:26:53.146820
26.332 117.369 220.329 30.883 6.780 2017-04-15 01:27:16.463271
25.577 123.871 220.322 30.880 6.780 2017-04-15 01:28:22.345227
25.035 128.537 220.335 30.885 6.780 2017-04-15 01:29:17.691264
24.933 129.429 220.339 30.887 6.780 2017-04-15 01:29:33.189216
23.882 139.418 220.347 30.889 6.780 2017-04-15 01:30:03.995551
20.919 172.550 220.395 30.906 6.779 2017-04-15 01:53:08.338358
20.930 172.447 220.393 30.905 6.779 2017-04-15 01:54:39.431300
21.442 165.897 220.396 30.907 6.779 2017-04-15 01:55:12.716328
20.815 173.924 220.395 30.906 6.779 2017-04-15 01:55:31.979530
23.813 153.322 219.403 30.556 6.787 2017-04-16 11:28:30.132728
23.749 154.076 219.398 30.554 6.787 2017-04-16 11:29:28.874432
23.828 153.211 219.400 30.555 6.787 2017-04-16 11:29:48.019509
25.363 137.837 219.403 30.556 6.787 2017-04-16 11:31:18.649884
24.314 148.184 219.397 30.554 6.787 2017-04-16 11:31:36.036845
